[turn-key.png]
filters=Soften=1,100.000000,30.409357;
moddate=0000affa93d00000
width=250
height=250
textactive=0
